14
10 10 10
53 180 147 81 10 187 9 138 39 173
184 68 50 135 131 94 58 195 147 146
80 191 85 82 21 131 114 88 193 182
10 10 10
22 99 13 100 167 54 157 67 147 107
63 12 25 172 183 69 145 22 198 62
162 150 147 176 163 195 180 198 41 155
10 10 10
134 51 121 18 7 98 164 53 8 154
98 175 86 42 179 169 52 116 39 132
164 59 8 91 121 63 117 112 21 66
10 10 10
179 59 184 190 3 34 62 51 97 121
106 159 174 151 5 81 3 86 145 116
105 187 123 150 196 171 71 54 149 53
10 10 10
177 188 103 18 126 95 89 122 148 90
39 5 16 68 4 10 183 77 177 88
163 169 72 132 144 85 23 2 170 5
10 10 10
39 54 96 22 19 124 71 190 157 98
6 14 172 111 13 140 194 198 93 145
86 5 192 84 94 186 159 140 53 171
10 10 10
151 124 2 78 63 79 68 111 40 105
4 101 139 127 73 192 159 32 31 187
9 65 54 2 26 57 183 198 68 34
10 10 10
136 141 135 12 162 72 46 13 69 152
40 116 9 39 19 136 1 138 72 106
89 104 130 145 132 14 163 52 194 160
10 10 10
6 85 131 30 155 119 141 15 18 69
74 128 52 44 7 1 36 53 169 159
71 92 12 69 66 49 158 42 176 174
10 10 10
32 108 170 191 157 159 132 74 181 41
45 72 181 119 2 74 11 59 170 6
162 147 116 159 168 23 92 120 175 43
10 10 10
13 170 22 123 198 156 160 3 74 45
27 66 193 153 1 189 70 30 105 36
161 199 53 52 126 191 68 168 57 162
10 10 10
1 136 20 80 182 133 108 86 196 35
19 81 62 24 198 30 11 48 115 96
28 95 20 170 12 111 103 156 11 119
10 10 10
16 81 23 106 173 170 14 94 51 190
80 112 108 99 79 140 10 107 137 36
38 12 56 51 196 61 192 101 139 180
10 10 10
26 184 32 31 158 79 161 121 139 135
85 156 104 86 29 54 36 73 1 12
106 80 180 112 152 19 148 55 78 41
