0  0
1  13565
2  13651
3  13672
4  13707
5  13756
6  13905
7  13975
8  14059
9  14157
10  14176
11  14209
12  14256
13  14403
14  14471
15  14553
16  14649
17  14666
18  14697
19  14742
20  14887
21  14953
22  15033
23  15127
24  15142
25  15171
26  15214
27  15357
28  15421
29  15499
30  15591
31  15604
32  15631
33  15672
34  15813
35  15875
36  15951
37  16041
38  16052
39  16077
40  16116
41  16255
42  16315
43  16389
44  16477
45  16486
46  16509
47  16546
48  16683
49  16741
50  16813
51  16899
52  16906
53  16927
54  16962
55  17097
56  17153
57  17223
58  17307
59  17312
60  17331
61  17364
62  17497
63  17551
64  17619
65  17701
66  17704
67  17721
68  17752
69  17883
70  17935
71  18001
72  18081
73  18082
74  18097
75  18126
76  18255
77  18305
78  18369
79  18447
80  18625
81  18638
82  18665
83  18792
84  18840
85  18902
86  18978
87  19154
88  19165
89  19190
90  19315
91  19361
92  19421
93  19495
94  19669
95  19678
96  19701
97  19824
98  19868
99  19926
100  19998
101  20170
102  20177
103  20198
104  20319
105  20361
106  20417
107  20487
108  20657
109  20662
110  20681
111  20800
112  20840
113  20894
114  20962
115  21130
116  21133
117  21150
118  21267
119  21305
120  21357
121  21423
122  21589
123  21590
124  21605
125  21720
126  21756
127  21806
128  21870
129  22034
130  22119
131  22132
132  22245
133  22279
134  22327
135  22389
136  22551
137  22634
138  22645
139  22756
140  22788
141  22834
142  22894
143  23054
144  23135
145  23144
146  23253
147  23283
148  23327
149  23385
150  23543
151  23622
152  23629
153  23736
154  23764
155  23806
156  23862
157  24018
158  24095
159  24100
160  24205
161  24231
162  24271
163  24325
164  24479
165  24554
166  24557
167  24660
168  24684
169  24722
170  24774
171  24926
172  24999
173  25000
174  25101
175  25123
176  25159
177  25209
178  25359
179  25430
180  25515
181  25614
182  25634
183  25668
184  25716
185  25864
186  25933
187  26016
188  26113
189  26131
190  26163
191  26209
192  26355
193  26422
194  26503
195  26598
196  26614
197  26644
198  26688
199  26832
200  27076
201  27155
202  27248
203  27441
204  27469
205  27511
206  27653
207  27895
208  27972
209  28063
210  28254
211  28280
212  28320
213  28460
214  28700
215  28775
216  28864
217  29053
218  29077
219  29115
220  29253
221  29491
222  29564
223  29651
224  29838
225  29860
226  29896
227  30032
228  30268
229  30339
230  30424
231  30609
232  30629
233  30663
234  30797
235  31031
236  31100
237  31183
238  31366
239  31384
240  31416
241  31548
242  31780
243  31847
244  31928
245  32109
246  32125
247  32155
248  32285
249  32515
250  32580
251  32659
252  32838
253  32852
254  32880
255  33008
256  33236
257  33299
258  33376
259  33553
260  33565
261  33591
262  33717
263  33943
264  34004
265  34079
266  34254
267  34264
268  34288
269  34412
270  34636
271  34695
272  34768
273  34941
274  34949
275  34971
276  35093
277  35315
278  35372
279  35443
280  35614
281  0
282  20
283  140
284  360
285  415
286  484
287  653
288  657
289  675
290  793
291  1011
292  1064
293  1131
294  1298
295  1300
296  1316
297  1432
298  1648
299  1699
300  1764
301  1929
302  1930
303  1944
304  2058
305  2272
306  2321
307  2384
308  2547
309  2810
310  2822
311  2934
312  3146
313  3193
314  3254
315  3415
316  3676
317  3686
318  3796
319  4006
320  4051
321  4110
322  4269
323  4528
324  4536
325  4644
326  4852
327  4895
328  4952
329  5109
330  5366
331  5372
332  5478
333  5684
334  5725
335  5780
336  5935
337  6190
338  6194
339  6298
340  6502
341  6541
342  6594
343  6747
344  7000
345  7002
346  7104
347  7306
348  7343
349  7394
350  7545
351  7796
352  7797
353  7897
354  8097
355  8132
356  8181
357  8330
358  8579
359  8663
360  8761
361  8959
362  8992
363  9039
364  9186
365  9433
366  9515
367  9611
368  9807
369  9838
370  9883
371  10028
372  10273
373  10353
374  10447
375  10641
376  10670
377  10713
378  10856
379  11099
380  11177
381  11269
382  11461
383  11488
384  11529
385  11670
386  11911
387  11987
388  12077
389  12267
390  12292
391  12331
392  12470
393  12709
394  12783
395  12871
396  13059
397  13082
398  13119
399  13256
